# SBM #
255 255 255 0
35 65
107 65
107 50
35 50

9999 9999

# LABTEK 3 #
255 255 255 0
20 90
92 90
92 105
20 105

9999 9999

# CADL #
255 255 255 0
120 45
156 45
156 100
120 100

9999 9999

# PAU #
255 255 255 0
175 42
210 42
210 100
175 100

9999 9999

# Perpustakaan1 #
255 255 255 0
240 42
280 42
280 90
240 90

9999 9999

# Perpustakaan2 #       
255 255 255 0
300 42
340 42
340 90
300 90

9999 9999

# T Perminyakan #       
255 255 255 0
375 80
460 80
460 100
375 100

9999 9999

# CRCS #       
255 255 255 0
360 25
390 15
400 45
370 55

9999 9999

# PPTI #
255 255 255 0
40 140
40 170
70 170
70 140

9999 9999

# Labtek Mesin #
255 255 255 0
20 175
20 210
90 215
90 180

9999 9999

# Teknik Mesin #
255 255 255 0
10 217
10 247
60 247
60 244
64 244
64 247
80 247
80 235
69 235
69 240
72 240
72 242
62 242
62 240
23 240
23 242
21 242
21 238
62 238
62 227

9999 9999

# Labtek X #
255 255 255 0
100 140
100 160
160 160
160 140

9999 9999

# Labtek XI #
255 255 255 0
100 200
100 220
160 220
160 200

9999 9999

# Oktagon #
255 255 255 0
180 140
185 140
190 145
188 147
190 149
192 147
197 152
197 157
192 162
190 160
188 162
190 164
185 169
180 169
175 164
177 162
175 160
173 162
168 157
168 152
173 147
175 149
177 147
175 145

9999 9999

# TVST #
255 255 255 0
180 170
185 170
190 175
188 177
190 179
192 177
197 182
197 187
192 192
190 190
188 192
190 194
185 199
180 199
175 194
177 192
175 190
173 192
168 187
168 182
173 177
175 179
177 177
175 175

9999 9999

# SIPIL #
255 255 255 0
80 450
80 490
180 490
180 450

9999 9999

# LFM #
255 255 255 0
300 450
300 460
310 460
310 450

9999 9999

# AULA BARAT #
255 255 255 0
180 500
180 510
170 510
170 520
180 520
180 530
220 530
220 520
230 520
230 510
220 510
220 500

9999 9999

# AULA TIMUR #
255 255 255 0
270 500
270 510
260 510
260 520
270 520
270 530
310 530
310 520
320 520
320 510
310 510
310 500

9999 9999

# FTSL #
255 255 255 0
220 540
220 550
230 550
230 540

9999 9999

# FSRD #
255 255 255 0
250 540
250 550
260 550
260 540

9999 9999

# PARKIR BARAT #
255 255 255 0
50 545
80 540
85 570
55 575

9999 9999

# PARKIR TIMUR #
255 255 255 0
366 600
396 600
396 552
366 540

9999 9999

# GERBANG SELATAN #
255 255 255 0
55 600
236 563
236 556
246 556
246 563
366 600

9999 9999

# SENI RUPA #
255 255 255 0
330 450
330 480
340 480
340 500
370 500
370 510
390 495
390 455
365 455
365 460
345 460
345 450

9999 9999

# CIBE #
255 255 255 0
10 370
35 370
35 420
10 420

9999 9999

# BSC A #
255 255 255 0
5 430
40 430
40 450
5 450

9999 9999

# FISIKA #
255 255 255 0
50 370
150 370
150 440
50 440

9999 9999

# CC BARAT #
255 255 255 0
160 375
220 375
220 400
160 400

9999 9999

# CC TIMUR #
255 255 255 0
240 375
300 375
300 400
240 400

9999 9999

# LAPBAS #
255 255 255 0
190 410
220 410
220 445
190 445

9999 9999

# LAPCIN #
255 255 255 0
240 410
270 410
270 445
240 445

9999 9999

# TEKNIK LINGKUNGAN #
255 255 255 0
310 375
430 375
430 400
310 400

9999 9999

# PLANOLOGI #
255 255 255 0
310 410
360 410
360 425
310 425

9999 9999

# GEODESI #
255 255 255 0
380 410
430 410
430 425
380 425

9999 9999

# ARSITEKTUR #
255 255 255 0
320 430
410 430
410 445
320 445

9999 9999

# Lab Elektro #
255 255 255 0
10 313
10 338
52 338
52 313

9999 9999

# GKU Barat #
255 255 255 0
64 275
79 275
94 290
94 305
79 320
64 320
49 305
49 290

9999 9999

# Labtek VI #
255 255 255 0
120 280
210 280
210 250
120 250


9999 9999

# Labtek V #
255 255 255 0
120 330
210 330
210 300
120 300

9999 9999

# Intel #
255 255 255 0
220 290
230 300
240 290
230 280

9999 9999

# Labtek VII #
255 255 255 0
250 280
340 280
340 250
250 250

9999 9999

# Labtek VIII #
255 255 255 0
250 330
340 330
340 300
250 300

9999 9999

# Lab Hidraulik #
255 255 255 0
366 272
456 272
456 245
366 245

9999 9999
# GKU Timur #
255 255 255 0
375 278
415 278
415 308
375 308

9999 9999

# CDC #
255 255 255 0
420 278
457 278
457 298
420 298

9999 9999
# LAB DOPING #
255 255 255 0
366 318
415 318
415 338
366 338

9999 9999

# belakang lab doping #
255 255 255 0
440 308
462 308
462 330
440 330

9999 9999

# SP #
255 255 255 0
442 335
455 335
455 355
442 355

9999 9999

# Comlabs #
255 255 255 0
240 135
285 135
285 155
240 155

9999 9999

# PLN #
255 255 255 0
240 175
285 175
285 195
240 195

9999 9999

# Labtek 1.1 #
255 255 255 0
300 130
340 130
340 200
300 200

9999 9999

# Labtek 1.2 #
255 255 255 0
300 205
340 205
340 230
300 230

9999 9999

# BSC B #
255 255 255 0
380 135
410 135
410 150
380 150

9999 9999

# Wisma Rektor #
255 255 255 0
450 135
480 135
480 160
450 160

9999 9999

# Kimia 1 #
255 255 255 0
380 170
440 170
440 190
380 190

9999 9999

# Kimia 2 #
255 255 255 0
380 200
440 200
440 220
380 220

9999 9999

# Kantin #
255 255 255 0
400 225
420 225
420 245
400 245

99999 99999

#end of line