# Jalan D #

0 0 255 0
0 370
5 370
5 450
0 450

9999 9999

# Jalan C #

0 0 255 0
40 370
50 370
50 450
40 450

9999 9999

# Jalan B #

0 0 255 0
151 370
159 370
159 450
151 450

9999 9999

# Jalan I #

0 0 255 0
300 370
310 370
310 450
300 450

9999 9999

# Jalan G #

0 0 255 0
310 400
435 400
435 410
310 410

9999 9999

# Jalan J #

0 0 255 0
435 370
445 370
445 450
435 450

9999 9999

# Jalan G-1 #

0 0 255 0
445 385
470 385
470 395
445 395

9999 9999

# Jalan G-2 #

0 0 255 0
470 350
480 350
480 395
470 395

99999 99999

#end of line