# Coba - color below is green #
0 255 0 0
400 420
410 420
410 430
400 430

9999 9999

# pohon sbm #
0 255 0 0
96 116
106 116
106 126
96 126

9999 9999

# LABTEK V - 1 #
0 255 0 0
175 337
185 337
185 347
175 347

9999 9999

# LABTEK V - 2 #
0 255 0 0
190 337
200 337
200 347
190 347

9999 9999

# LABTEK V - 3 #
0 255 0 0
205 337
215 337
215 347
205 347

9999 9999

# Kiri Lapbas #
0 255 0 0
170 425
180 425
180 445
170 445

9999 9999

# Kanan Lapcin #
0 255 0 0
280 425
290 425
290 445
280 445

9999 9999

# Kanan Jalan J-2 #
0 255 0 0
450 425
470 425
470 445
450 445

9999 9999

# Kanan Jalan J-1 #
0 255 0 0
450 398
470 398
470 415
450 415

99999 99999

#end of line